1022504
1022996
1022998
1028351
1033267
11068
11948
1382314
1382663
1383084
1383116
1383122
1383128
1383777
1392119
1393141
1393193
1393843
1395316
142226
1425617
1440523
1451475
1452365
1454401
1455363
1456241
1458051
1472018
1474911
174330
177742
182268
185845
186926
188426
190188
291429
352495
355178
393370
448833
448836
452440
460892
465070
473233
473544
497938
508620
529908
542959
546728
547672
549045
549062
560239
585960
626297
626410
626974
629390
632865
633284
641591
642362
642588
658304
664833
664913
665054
666259
666260
666264
666757
678141
695102
698650
707383
708003
710225
726367
727439
73558
73566
747427
759698
961432
984049
996363
757275
1383188
35634
548752
170506
192609
509412
